Running 101 103
[101, 103]
[103]
0:00:00
0.0005005191373321493s

Running 103 269
[103, 163, 263]
[269, 263]
0:00:00
0.001222905096234346s

Running 101 199
[101, 103]
[199, 193, 103]
0:00:00
0.0006441895406705156s

Running 103 199
[103, 193]
[199, 193]
0:00:00
0.0004471469788565577s

Running 7 173
UNSOLVABLE
0:00:00
0.0009489073291765108s

Running 1117 1201
[1117, 1217, 1297]
[1201, 1291, 1297]
0:00:00
0.002135817248764528s

Running 9973 1009
[9973, 9173, 9103, 1103]
[1009, 1109, 1103]
0:00:00
0.012800939846474367s

Running 1009 4969
[1009, 1409, 4409]
[4969, 4909, 4409]
0:00:00
0.005065079899983057s

Running 100001 190633
[100001, 100003, 170003]
[190633, 170633, 170603, 170003]
0:00:00
0.06792165711863575s

Running 3221 3319
[3221, 3229]
[3319, 3329, 3229]
0:00:00
0.0029103341531545174s

Running 100001 293339
[100001, 103001, 403001, 403301]
[293339, 203339, 403339, 403331, 403301]
0:00:00
0.7880985672057875s

Running 1009 6131
[1009, 1709, 6709]
[6131, 6101, 6701, 6709]
0:00:00
0.010460632757969046s

