Running 3 3
3
0:00:00
0.00021007536337297252s

Running 101 103
101 103
0:00:00
0.00043287316381875426s

Running 103 269
103 193 293 263 269
0:00:00
0.0009600785439822408s

Running 101 199
101 191 199
0:00:00
0.0004967956525260399s

Running 103 199
103 193 199
0:00:00
0.0004688683516345074s

Running 7 173
UNSOLVABLE
0:00:00
0.0003546767213224635s

Running 1117 1201
1117 1217 1237 1231 1201
0:00:00
0.0021268191145618225s

Running 9973 1009
9973 1973 1373 1303 1103 1109 1009
0:00:00
0.0012824837176078222s

Running 1009 4969
1009 5009 5099 4099 4999 4969
0:00:00
0.009218181417608412s

Running 100003 190633
100003 170003 170063 190063 190763 190769 190669 190639 190633
0:00:00
0.03467515739361328s

Running 3221 3319
3221 3229 3329 3319
0:00:00
0.0011844278611442202s

Running 100003 293339
100003 200003 260003 260023 290023 294023 294029 294059 294659 293659 293639 293339
0:00:00
0.05730620082273828s

Running 1009 6131
1009 5009 5039 5839 5869 6869 6269 6263 6163 6133 6131
0:00:00
0.020766740942943604s

